1	1	1	0	0
1	2	0.999832	0.000487	0
1	3	0.999326	0.001943	0
1	4	0.998481	0.004348	0
1	5	0.997294	0.007672	0
1	6	0.995761	0.011874	0
1	7	0.993876	0.016901	0
1	8	0.991629	0.022688	0
1	9	0.989009	0.029164	0
1	10	0.986	0.036246	0
1	11	0.98258	0.043846	0
1	12	0.978716	0.05187	0
1	13	0.974364	0.060219	0
1	14	0.969463	0.06879	0
1	15	0.963925	0.077477	0
1	16	0.957623	0.086162	0
1	17	0.950386	0.09471	0
1	18	0.941984	0.102941	0
1	19	0.932141	0.110588	0
1	20	0.920585	0.117254	0
1	21	0.907152	0.122387	0
1	22	0.895038	0.125696	0
1	23	0.885129	0.128784	0
1	24	0.874823	0.13193	0
1	25	0.864127	0.135123	0
1	26	0.853052	0.138354	0
1	27	0.841607	0.141613	0
1	28	0.829802	0.144892	0
1	29	0.817648	0.148179	0
1	30	0.805156	0.151466	0
1	31	0.792337	0.154742	0
1	32	0.779203	0.157999	0
1	33	0.765766	0.161226	0
1	34	0.752039	0.164415	0
1	35	0.738035	0.167555	0
1	36	0.723767	0.170638	0
1	37	0.70925	0.173655	0
1	38	0.694496	0.176595	0
1	39	0.679521	0.17945	0
1	40	0.66434	0.182211	0
1	41	0.648968	0.184868	0
1	42	0.63342	0.187414	0
1	43	0.617712	0.189838	0
1	44	0.601861	0.192133	0
1	45	0.585882	0.19429	0
1	46	0.569793	0.1963	0
1	47	0.553611	0.198154	0
1	48	0.537353	0.199845	0
1	49	0.521037	0.201365	0
1	50	0.504679	0.202704	0
1	51	0.488299	0.203857	0
1	52	0.471914	0.204815	0
1	53	0.455543	0.205571	0
1	54	0.439204	0.206118	0
1	55	0.422915	0.20645	0
1	56	0.406695	0.206561	0
1	57	0.390563	0.206444	0
1	58	0.374537	0.206096	0
1	59	0.358636	0.20551	0
1	60	0.342878	0.204682	0
1	61	0.327282	0.20361	0
1	62	0.311866	0.202289	0
1	63	0.296648	0.200719	0
1	64	0.281646	0.198896	0
1	65	0.266877	0.19682	0
1	66	0.25236	0.194491	0
1	67	0.23811	0.19191	0
1	68	0.224145	0.189077	0
1	69	0.210481	0.185995	0
1	70	0.197134	0.182666	0
1	71	0.18412	0.179096	0
1	72	0.171452	0.175287	0
1	73	0.159145	0.171246	0
1	74	0.147214	0.166978	0
1	75	0.135671	0.162491	0
1	76	0.124529	0.157791	0
1	77	0.1138	0.152886	0
1	78	0.103496	0.147787	0
1	79	0.093626	0.142501	0
1	80	0.084201	0.137039	0
1	81	0.075231	0.13141	0
1	82	0.066724	0.125626	0
1	83	0.058688	0.119697	0
1	84	0.051131	0.113634	0
1	85	0.044058	0.107448	0
1	86	0.037477	0.101151	0
1	87	0.031393	0.094753	0
1	88	0.02581	0.088265	0
1	89	0.020733	0.081698	0
1	90	0.016165	0.075063	0
1	91	0.012109	0.06837	0
1	92	0.008568	0.061627	0
1	93	0.005543	0.054845	0
1	94	0.003036	0.048031	0
1	95	0.001048	0.041193	0
1	96	-0.000421	0.034338	0
1	97	-0.001371	0.027473	0
1	98	-0.001803	0.020603	0
1	99	-0.001717	0.013732	0
1	100	-0.001116	0.006863	0
1	101	0	0	0
1	102	0.001609	-0.006764	0
1	103	0.003691	-0.013337	0
1	104	0.006241	-0.019716	0
1	105	0.009257	-0.0259	0
1	106	0.012733	-0.031885	0
1	107	0.016665	-0.037668	0
1	108	0.021047	-0.043246	0
1	109	0.025874	-0.048616	0
1	110	0.031139	-0.053773	0
1	111	0.036835	-0.058714	0
1	112	0.042954	-0.063434	0
1	113	0.049491	-0.067928	0
1	114	0.056435	-0.072192	0
1	115	0.06378	-0.076221	0
1	116	0.071516	-0.080012	0
1	117	0.079635	-0.08356	0
1	118	0.088127	-0.08686	0
1	119	0.096984	-0.089909	0
1	120	0.106195	-0.092703	0
1	121	0.115752	-0.09524	0
1	122	0.125644	-0.097516	0
1	123	0.135861	-0.09953	0
1	124	0.146393	-0.101278	0
1	125	0.157231	-0.102761	0
1	126	0.168364	-0.103978	0
1	127	0.179782	-0.104928	0
1	128	0.191474	-0.105613	0
1	129	0.203431	-0.106034	0
1	130	0.215641	-0.106193	0
1	131	0.228095	-0.106093	0
1	132	0.240782	-0.105737	0
1	133	0.253692	-0.10513	0
1	134	0.266813	-0.104276	0
1	135	0.280136	-0.103181	0
1	136	0.29365	-0.101852	0
1	137	0.307343	-0.100294	0
1	138	0.321206	-0.098516	0
1	139	0.335228	-0.096525	0
1	140	0.349396	-0.09433	0
1	141	0.363701	-0.091939	0
1	142	0.378131	-0.089361	0
1	143	0.392674	-0.086607	0
1	144	0.407319	-0.083685	0
1	145	0.422055	-0.080607	0
1	146	0.43687	-0.077381	0
1	147	0.451752	-0.074019	0
1	148	0.466688	-0.070531	0
1	149	0.481666	-0.066927	0
1	150	0.496675	-0.063217	0
1	151	0.511701	-0.059413	0
1	152	0.526732	-0.055523	0
1	153	0.541754	-0.051558	0
1	154	0.556755	-0.047528	0
1	155	0.571722	-0.043442	0
1	156	0.586641	-0.039309	0
1	157	0.601499	-0.03514	0
1	158	0.616283	-0.030942	0
1	159	0.630978	-0.026724	0
1	160	0.645571	-0.022494	0
1	161	0.660049	-0.018261	0
1	162	0.674398	-0.014031	0
1	163	0.688603	-0.009812	0
1	164	0.702652	-0.005611	0
1	165	0.71653	-0.001435	0
1	166	0.730223	0.00271	0
1	167	0.743719	0.006818	0
1	168	0.757002	0.010882	0
1	169	0.770061	0.014896	0
1	170	0.782881	0.018856	0
1	171	0.795449	0.022756	0
1	172	0.807751	0.02659	0
1	173	0.819776	0.030353	0
1	174	0.83151	0.03404	0
1	175	0.84294	0.037646	0
1	176	0.854055	0.041167	0
1	177	0.864842	0.044597	0
1	178	0.875288	0.047932	0
1	179	0.885384	0.051167	0
1	180	0.895117	0.054298	0
1	181	0.901865	0.057247	0
1	182	0.906496	0.059445	0
1	183	0.912187	0.06057	0
1	184	0.918758	0.060456	0
1	185	0.925921	0.059087	0
1	186	0.933384	0.056568	0
1	187	0.940902	0.053074	0
1	188	0.948291	0.048812	0
1	189	0.955412	0.043993	0
1	190	0.962165	0.038817	0
1	191	0.968477	0.033473	0
1	192	0.974293	0.028131	0
1	193	0.979574	0.022945	0
1	194	0.984288	0.018051	0
1	195	0.988411	0.01357	0
1	196	0.991927	0.009604	0
1	197	0.99482	0.006241	0
1	198	0.997081	0.003552	0
1	199	0.998701	0.001592	0
1	200	0.999675	0.0004	0
1	0	1	0	0
