1	1	1	0	0
1	2	0.999764	0.000103	0
1	3	0.999055	0.000412	0
1	4	0.997873	0.000925	0
1	5	0.996221	0.001642	0
1	6	0.994098	0.002559	0
1	7	0.991507	0.003675	0
1	8	0.988448	0.004986	0
1	9	0.984925	0.006488	0
1	10	0.98094	0.008176	0
1	11	0.976496	0.010046	0
1	12	0.971595	0.012092	0
1	13	0.966242	0.014307	0
1	14	0.96044	0.016687	0
1	15	0.954194	0.019223	0
1	16	0.947509	0.021908	0
1	17	0.94039	0.024735	0
1	18	0.932841	0.027697	0
1	19	0.924869	0.030784	0
1	20	0.916481	0.033988	0
1	21	0.907683	0.037302	0
1	22	0.898482	0.040714	0
1	23	0.888886	0.044218	0
1	24	0.878902	0.047803	0
1	25	0.868539	0.05146	0
1	26	0.857806	0.05518	0
1	27	0.846711	0.058953	0
1	28	0.835265	0.062769	0
1	29	0.823477	0.06662	0
1	30	0.811358	0.070495	0
1	31	0.798918	0.074385	0
1	32	0.786169	0.078281	0
1	33	0.773123	0.082172	0
1	34	0.75979	0.08605	0
1	35	0.746183	0.089904	0
1	36	0.732316	0.093726	0
1	37	0.7182	0.097507	0
1	38	0.70385	0.101236	0
1	39	0.689279	0.104905	0
1	40	0.674501	0.108505	0
1	41	0.65953	0.112027	0
1	42	0.64438	0.115462	0
1	43	0.629068	0.118802	0
1	44	0.613608	0.122037	0
1	45	0.598015	0.125159	0
1	46	0.582305	0.128161	0
1	47	0.566494	0.131034	0
1	48	0.550599	0.133771	0
1	49	0.534635	0.136362	0
1	50	0.518619	0.138802	0
1	51	0.502569	0.141083	0
1	52	0.4865	0.143198	0
1	53	0.47043	0.14514	0
1	54	0.454377	0.146904	0
1	55	0.438357	0.148483	0
1	56	0.422387	0.149872	0
1	57	0.406486	0.151065	0
1	58	0.39035	0.152043	0
1	59	0.374089	0.152735	0
1	60	0.357947	0.153133	0
1	61	0.341943	0.153235	0
1	62	0.326098	0.153042	0
1	63	0.310434	0.152555	0
1	64	0.294969	0.151776	0
1	65	0.279724	0.150707	0
1	66	0.264719	0.149354	0
1	67	0.249973	0.14772	0
1	68	0.235506	0.145812	0
1	69	0.221335	0.143636	0
1	70	0.20748	0.141201	0
1	71	0.193957	0.138514	0
1	72	0.180784	0.135585	0
1	73	0.167978	0.132424	0
1	74	0.155553	0.129042	0
1	75	0.143524	0.12545	0
1	76	0.131907	0.121659	0
1	77	0.120714	0.117684	0
1	78	0.109958	0.113535	0
1	79	0.09965	0.109227	0
1	80	0.089803	0.104774	0
1	81	0.080425	0.100188	0
1	82	0.071526	0.095484	0
1	83	0.063115	0.090675	0
1	84	0.055199	0.085776	0
1	85	0.047785	0.080799	0
1	86	0.040879	0.075759	0
1	87	0.034486	0.070668	0
1	88	0.02861	0.06554	0
1	89	0.023255	0.060385	0
1	90	0.018423	0.055217	0
1	91	0.014118	0.050045	0
1	92	0.01034	0.044881	0
1	93	0.00709	0.039733	0
1	94	0.004368	0.034611	0
1	95	0.002175	0.029522	0
1	96	0.000508	0.024473	0
1	97	-0.000634	0.01947	0
1	98	-0.001253	0.014518	0
1	99	-0.001351	0.009621	0
1	100	-0.000932	0.004781	0
1	101	0	0	0
1	102	0.001426	-0.004657	0
1	103	0.003324	-0.009128	0
1	104	0.005691	-0.013411	0
1	105	0.008519	-0.017508	0
1	106	0.011804	-0.021419	0
1	107	0.015538	-0.025143	0
1	108	0.019715	-0.028681	0
1	109	0.024327	-0.032033	0
1	110	0.029367	-0.035201	0
1	111	0.034826	-0.038184	0
1	112	0.040696	-0.040983	0
1	113	0.046969	-0.0436	0
1	114	0.053636	-0.046035	0
1	115	0.060687	-0.04829	0
1	116	0.068115	-0.050367	0
1	117	0.075908	-0.052266	0
1	118	0.084059	-0.053991	0
1	119	0.092557	-0.055543	0
1	120	0.101393	-0.056926	0
1	121	0.110558	-0.058141	0
1	122	0.120042	-0.059193	0
1	123	0.129836	-0.060084	0
1	124	0.139931	-0.06082	0
1	125	0.150317	-0.061404	0
1	126	0.160986	-0.06184	0
1	127	0.171929	-0.062135	0
1	128	0.183135	-0.062293	0
1	129	0.194598	-0.062321	0
1	130	0.206308	-0.062224	0
1	131	0.218257	-0.06201	0
1	132	0.230437	-0.061686	0
1	133	0.242838	-0.061258	0
1	134	0.255453	-0.060735	0
1	135	0.268273	-0.060124	0
1	136	0.281291	-0.059434	0
1	137	0.294497	-0.058672	0
1	138	0.307883	-0.057849	0
1	139	0.321442	-0.056972	0
1	140	0.335164	-0.05605	0
1	141	0.34904	-0.055092	0
1	142	0.363062	-0.054108	0
1	143	0.377221	-0.053106	0
1	144	0.391507	-0.052094	0
1	145	0.406132	-0.051076	0
1	146	0.421178	-0.050003	0
1	147	0.43631	-0.04887	0
1	148	0.451515	-0.047683	0
1	149	0.466779	-0.046448	0
1	150	0.482089	-0.045172	0
1	151	0.497431	-0.043861	0
1	152	0.512791	-0.042521	0
1	153	0.528156	-0.041158	0
1	154	0.54351	-0.039777	0
1	155	0.558839	-0.038384	0
1	156	0.574129	-0.036984	0
1	157	0.589367	-0.035581	0
1	158	0.604535	-0.034179	0
1	159	0.619622	-0.032782	0
1	160	0.634611	-0.031395	0
1	161	0.649487	-0.03002	0
1	162	0.664237	-0.028661	0
1	163	0.678846	-0.027319	0
1	164	0.693298	-0.025999	0
1	165	0.707579	-0.024701	0
1	166	0.721675	-0.023428	0
1	167	0.73557	-0.022181	0
1	168	0.749252	-0.020962	0
1	169	0.762704	-0.019772	0
1	170	0.775914	-0.018612	0
1	171	0.788867	-0.017483	0
1	172	0.801549	-0.016385	0
1	173	0.813947	-0.01532	0
1	174	0.826047	-0.014287	0
1	175	0.837836	-0.013288	0
1	176	0.849301	-0.012321	0
1	177	0.86043	-0.011389	0
1	178	0.871209	-0.010491	0
1	179	0.881628	-0.009627	0
1	180	0.891673	-0.008798	0
1	181	0.901334	-0.008004	0
1	182	0.910599	-0.007245	0
1	183	0.919458	-0.006522	0
1	184	0.927901	-0.005834	0
1	185	0.935917	-0.005182	0
1	186	0.943497	-0.004568	0
1	187	0.950633	-0.00399	0
1	188	0.957314	-0.003449	0
1	189	0.963535	-0.002946	0
1	190	0.969286	-0.002481	0
1	191	0.974561	-0.002055	0
1	192	0.979354	-0.001668	0
1	193	0.983658	-0.00132	0
1	194	0.987469	-0.001013	0
1	195	0.990781	-0.000745	0
1	196	0.99359	-0.000518	0
1	197	0.995894	-0.000332	0
1	198	0.997689	-0.000187	0
1	199	0.998972	-0.000083	0
1	200	0.999743	-0.000021	0
1	0	1	0	0
