1	1	1	0	0
1	2	0.999764	0.000102	0
1	3	0.999055	0.000408	0
1	4	0.997875	0.000917	0
1	5	0.996224	0.001626	0
1	6	0.994103	0.002535	0
1	7	0.991514	0.003639	0
1	8	0.988457	0.004936	0
1	9	0.984936	0.006421	0
1	10	0.980953	0.008089	0
1	11	0.97651	0.009934	0
1	12	0.97161	0.011952	0
1	13	0.966257	0.014134	0
1	14	0.960454	0.016476	0
1	15	0.954206	0.018968	0
1	16	0.947517	0.021604	0
1	17	0.940391	0.024374	0
1	18	0.932835	0.027271	0
1	19	0.924854	0.030285	0
1	20	0.916453	0.033408	0
1	21	0.90764	0.036629	0
1	22	0.898421	0.03994	0
1	23	0.888803	0.043329	0
1	24	0.878794	0.046787	0
1	25	0.868402	0.050305	0
1	26	0.857636	0.05387	0
1	27	0.846505	0.057474	0
1	28	0.835017	0.061106	0
1	29	0.823183	0.064754	0
1	30	0.811013	0.06841	0
1	31	0.798517	0.072062	0
1	32	0.785707	0.075699	0
1	33	0.772593	0.079312	0
1	34	0.759188	0.082891	0
1	35	0.745504	0.086425	0
1	36	0.731554	0.089904	0
1	37	0.71735	0.093318	0
1	38	0.702906	0.096658	0
1	39	0.688236	0.099915	0
1	40	0.673354	0.103078	0
1	41	0.658273	0.106138	0
1	42	0.64301	0.109088	0
1	43	0.627578	0.111918	0
1	44	0.611995	0.114619	0
1	45	0.596274	0.117184	0
1	46	0.580433	0.119605	0
1	47	0.564488	0.121874	0
1	48	0.548455	0.123984	0
1	49	0.532351	0.125928	0
1	50	0.516194	0.127699	0
1	51	0.5	0.129292	0
1	52	0.483787	0.130701	0
1	53	0.467573	0.131921	0
1	54	0.451376	0.132946	0
1	55	0.435214	0.133772	0
1	56	0.419104	0.134397	0
1	57	0.403065	0.134816	0
1	58	0.387115	0.135026	0
1	59	0.371272	0.135027	0
1	60	0.355555	0.134815	0
1	61	0.339981	0.13439	0
1	62	0.324568	0.133753	0
1	63	0.309335	0.132903	0
1	64	0.294299	0.131841	0
1	65	0.279478	0.130568	0
1	66	0.264888	0.129089	0
1	67	0.250547	0.127404	0
1	68	0.236472	0.125518	0
1	69	0.222678	0.123436	0
1	70	0.209183	0.121162	0
1	71	0.196	0.118701	0
1	72	0.183146	0.116061	0
1	73	0.170635	0.113247	0
1	74	0.158481	0.110266	0
1	75	0.146697	0.107128	0
1	76	0.135297	0.103839	0
1	77	0.124293	0.10041	0
1	78	0.113696	0.096847	0
1	79	0.103518	0.093162	0
1	80	0.093769	0.089363	0
1	81	0.084459	0.085461	0
1	82	0.075597	0.081465	0
1	83	0.067192	0.077386	0
1	84	0.059252	0.073233	0
1	85	0.051784	0.069017	0
1	86	0.044795	0.064748	0
1	87	0.03829	0.060434	0
1	88	0.032275	0.056087	0
1	89	0.026755	0.051715	0
1	90	0.021734	0.047326	0
1	91	0.017214	0.04293	0
1	92	0.0132	0.038535	0
1	93	0.009693	0.034147	0
1	94	0.006695	0.029774	0
1	95	0.004207	0.025421	0
1	96	0.002231	0.021095	0
1	97	0.000765	0.016799	0
1	98	-0.00019	0.012539	0
1	99	-0.000634	0.008318	0
1	100	-0.000571	0.004138	0
1	101	0	0	0
1	102	0.001064	-0.004039	0
1	103	0.002608	-0.007924	0
1	104	0.004628	-0.011654	0
1	105	0.00712	-0.015229	0
1	106	0.010081	-0.018647	0
1	107	0.013506	-0.02191	0
1	108	0.017389	-0.025015	0
1	109	0.021724	-0.027962	0
1	110	0.026507	-0.030751	0
1	111	0.031729	-0.033381	0
1	112	0.037386	-0.035852	0
1	113	0.043468	-0.038163	0
1	114	0.04997	-0.040314	0
1	115	0.056883	-0.042306	0
1	116	0.064198	-0.044137	0
1	117	0.071909	-0.045808	0
1	118	0.080006	-0.047321	0
1	119	0.08848	-0.048675	0
1	120	0.097322	-0.049871	0
1	121	0.106524	-0.050912	0
1	122	0.116076	-0.051798	0
1	123	0.125969	-0.052531	0
1	124	0.136193	-0.053114	0
1	125	0.146739	-0.053549	0
1	126	0.157596	-0.053839	0
1	127	0.168756	-0.053988	0
1	128	0.180207	-0.054	0
1	129	0.191941	-0.053877	0
1	130	0.203947	-0.053626	0
1	131	0.216214	-0.05325	0
1	132	0.228734	-0.052755	0
1	133	0.241495	-0.052147	0
1	134	0.254487	-0.051431	0
1	135	0.267699	-0.050613	0
1	136	0.281122	-0.049699	0
1	137	0.294743	-0.048697	0
1	138	0.308553	-0.047613	0
1	139	0.32254	-0.046454	0
1	140	0.336694	-0.045227	0
1	141	0.351002	-0.04394	0
1	142	0.365454	-0.042599	0
1	143	0.380038	-0.041211	0
1	144	0.394742	-0.039785	0
1	145	0.409554	-0.038327	0
1	146	0.424462	-0.036844	0
1	147	0.439453	-0.035343	0
1	148	0.454515	-0.033831	0
1	149	0.469636	-0.032315	0
1	150	0.484802	-0.0308	0
1	151	0.5	-0.029292	0
1	152	0.515217	-0.027798	0
1	153	0.530439	-0.026322	0
1	154	0.545653	-0.024869	0
1	155	0.560845	-0.023445	0
1	156	0.576001	-0.022052	0
1	157	0.591107	-0.020695	0
1	158	0.606149	-0.019378	0
1	159	0.621111	-0.018102	0
1	160	0.635981	-0.016872	0
1	161	0.650744	-0.015688	0
1	162	0.665384	-0.014552	0
1	163	0.679888	-0.013466	0
1	164	0.694241	-0.012431	0
1	165	0.708429	-0.011447	0
1	166	0.722436	-0.010514	0
1	167	0.736249	-0.009633	0
1	168	0.749853	-0.008803	0
1	169	0.763234	-0.008023	0
1	170	0.776377	-0.007293	0
1	171	0.789268	-0.006611	0
1	172	0.801894	-0.005975	0
1	173	0.814241	-0.005385	0
1	174	0.826295	-0.004839	0
1	175	0.838042	-0.004335	0
1	176	0.84947	-0.00387	0
1	177	0.860566	-0.003444	0
1	178	0.871317	-0.003054	0
1	179	0.88171	-0.002698	0
1	180	0.891734	-0.002374	0
1	181	0.901377	-0.00208	0
1	182	0.910627	-0.001814	0
1	183	0.919474	-0.001574	0
1	184	0.927907	-0.001359	0
1	185	0.935915	-0.001165	0
1	186	0.94349	-0.000993	0
1	187	0.950621	-0.000839	0
1	188	0.957301	-0.000703	0
1	189	0.96352	-0.000583	0
1	190	0.969271	-0.000477	0
1	191	0.974547	-0.000385	0
1	192	0.979341	-0.000305	0
1	193	0.983647	-0.000236	0
1	194	0.987459	-0.000177	0
1	195	0.990774	-0.000128	0
1	196	0.993585	-0.000088	0
1	197	0.99589	-0.000056	0
1	198	0.997687	-0.000031	0
1	199	0.998971	-0.000014	0
1	200	0.999743	-0.000003	0
1	0	1	0	0
