1	1	1	0	0					
1	2	0.999758	0.000069	0					
1	3	0.999031	0.000277	0				1	0
1	4	0.997821	0.000622	0					
1	5	0.996128	0.001104	0					
1	6	0.993954	0.001722	0					
1	7	0.991301	0.002473	0					
1	8	0.988171	0.003355	0					
1	9	0.984567	0.004367	0					
1	10	0.980492	0.005505	0					
1	11	0.975951	0.006766	0					
1	12	0.970946	0.008147	0					
1	13	0.965482	0.009643	0					
1	14	0.959565	0.011251	0					
1	15	0.953199	0.012967	0					
1	16	0.946391	0.014786	0					
1	17	0.939146	0.016704	0					
1	18	0.931472	0.018714	0					
1	19	0.923374	0.020813	0					
1	20	0.914862	0.022995	0					
1	21	0.905942	0.025255	0					
1	22	0.896623	0.027587	0					
1	23	0.886913	0.029985	0					
1	24	0.876821	0.032444	0					
1	25	0.866358	0.034958	0					
1	26	0.855532	0.037522	0					
1	27	0.844354	0.040128	0					
1	28	0.832834	0.042773	0					
1	29	0.820984	0.045448	0					
1	30	0.808814	0.04815	0					
1	31	0.796336	0.050871	0					
1	32	0.783562	0.053606	0					
1	33	0.770505	0.056349	0					
1	34	0.757176	0.059093	0					
1	35	0.743589	0.061834	0					
1	36	0.729757	0.064564	0					
1	37	0.715693	0.067279	0					
1	38	0.70141	0.069973	0					
1	39	0.686923	0.072639	0					
1	40	0.672246	0.075271	0					
1	41	0.657393	0.077865	0					
1	42	0.642379	0.080413	0					
1	43	0.627218	0.082912	0					
1	44	0.611926	0.085354	0					
1	45	0.596516	0.087734	0					
1	46	0.581006	0.090046	0					
1	47	0.56541	0.092286	0					
1	48	0.549743	0.094447	0					
1	49	0.534021	0.096524	0					
1	50	0.51826	0.098512	0					
1	51	0.502476	0.100405	0					
1	52	0.486685	0.102199	0					
1	53	0.470901	0.103889	0					
1	54	0.455142	0.105469	0					
1	55	0.439424	0.106936	0					
1	56	0.423761	0.108284	0					
1	57	0.40817	0.109509	0					
1	58	0.392668	0.110608	0					
1	59	0.377269	0.111577	0					
1	60	0.36199	0.112412	0					
1	61	0.346845	0.113111	0					
1	62	0.331851	0.113669	0					
1	63	0.317024	0.114086	0					
1	64	0.302377	0.114359	0					
1	65	0.287927	0.114486	0					
1	66	0.273687	0.114465	0					
1	67	0.259674	0.114297	0					
1	68	0.245901	0.113979	0					
1	69	0.232382	0.113514	0					
1	70	0.219131	0.112899	0					
1	71	0.206162	0.112137	0					
1	72	0.192627	0.111184	0					
1	73	0.178663	0.109799	0					
1	74	0.165119	0.107971	0					
1	75	0.152018	0.10573	0					
1	76	0.13938	0.103108	0					
1	77	0.127224	0.100137	0					
1	78	0.115565	0.09685	0					
1	79	0.104419	0.093279	0					
1	80	0.093799	0.089459	0					
1	81	0.083715	0.085421	0					
1	82	0.074177	0.081199	0					
1	83	0.065193	0.076823	0					
1	84	0.056769	0.072324	0					
1	85	0.04891	0.067732	0					
1	86	0.04162	0.063076	0					
1	87	0.034902	0.058383	0					
1	88	0.028755	0.053679	0					
1	89	0.023182	0.048987	0					
1	90	0.018181	0.04433	0					
1	91	0.013751	0.039729	0					
1	92	0.009889	0.035204	0					
1	93	0.006592	0.03077	0					
1	94	0.003857	0.026443	0					
1	95	0.00168	0.022237	0					
1	96	0.000054	0.018162	0					
1	97	-0.001024	0.014228	0					
1	98	-0.001562	0.010441	0					
1	99	-0.001565	0.006805	0					
1	100	-0.001042	0.003325	0					
1	101	0	0	0					
1	102	0.001536	-0.003128	0					
1	103	0.003539	-0.006018	0					
1	104	0.006	-0.008675	0					
1	105	0.008909	-0.011105	0					
1	106	0.012257	-0.013313	0					
1	107	0.016033	-0.015309	0					
1	108	0.020226	-0.0171	0					
1	109	0.024825	-0.018697	0					
1	110	0.029818	-0.020109	0					
1	111	0.035193	-0.02135	0					
1	112	0.040938	-0.02243	0					
1	113	0.047041	-0.023363	0					
1	114	0.05349	-0.024163	0					
1	115	0.060271	-0.024843	0					
1	116	0.067373	-0.025419	0					
1	117	0.074783	-0.025905	0					
1	118	0.082489	-0.026317	0					
1	119	0.090479	-0.026671	0					
1	120	0.098743	-0.026982	0					
1	121	0.107268	-0.027265	0					
1	122	0.116046	-0.027539	0					
1	123	0.125068	-0.027817	0					
1	124	0.134324	-0.028116	0					
1	125	0.143808	-0.028453	0					
1	126	0.153513	-0.028844	0					
1	127	0.163435	-0.029304	0					
1	128	0.173569	-0.029851	0					
1	129	0.183913	-0.0305	0					
1	130	0.194466	-0.031268	0					
1	131	0.206052	-0.032142	0					
1	132	0.218786	-0.032944	0					
1	133	0.231791	-0.033642	0					
1	134	0.245058	-0.034238	0					
1	135	0.258572	-0.034734	0					
1	136	0.272322	-0.035131	0					
1	137	0.286294	-0.035434	0					
1	138	0.300475	-0.035645	0					
1	139	0.314852	-0.035766	0					
1	140	0.329411	-0.035803	0					
1	141	0.344138	-0.035757	0					
1	142	0.359019	-0.035632	0					
1	143	0.374041	-0.035434	0					
1	144	0.389189	-0.035165	0					
1	145	0.404448	-0.03483	0					
1	146	0.419805	-0.034432	0					
1	147	0.435243	-0.033976	0					
1	148	0.450749	-0.033467	0					
1	149	0.466308	-0.032908	0					
1	150	0.481905	-0.032302	0					
1	151	0.497524	-0.031655	0					
1	152	0.51315	-0.030971	0					
1	153	0.528769	-0.030252	0					
1	154	0.544366	-0.029503	0					
1	155	0.559924	-0.028727	0					
1	156	0.575429	-0.027927	0					
1	157	0.590865	-0.027108	0					
1	158	0.606218	-0.026271	0					
1	159	0.621472	-0.02542	0					
1	160	0.636612	-0.024558	0					
1	161	0.651624	-0.023687	0					
1	162	0.666492	-0.02281	0					
1	163	0.681201	-0.021928	0					
1	164	0.695738	-0.021045	0					
1	165	0.710087	-0.020161	0					
1	166	0.724234	-0.01928	0					
1	167	0.738164	-0.018402	0					
1	168	0.751865	-0.01753	0					
1	169	0.765322	-0.016664	0					
1	170	0.778521	-0.015807	0					
1	171	0.791449	-0.01496	0					
1	172	0.804093	-0.014123	0					
1	173	0.81644	-0.013299	0					
1	174	0.828478	-0.012489	0					
1	175	0.840193	-0.011693	0					
1	176	0.851575	-0.010913	0					
1	177	0.862611	-0.010151	0					
1	178	0.87329	-0.009407	0					
1	179	0.883601	-0.008682	0					
1	180	0.893532	-0.007978	0					
1	181	0.903075	-0.007296	0					
1	182	0.912219	-0.006638	0					
1	183	0.920954	-0.006003	0					
1	184	0.92927	-0.005395	0					
1	185	0.937161	-0.004812	0					
1	186	0.944616	-0.004258	0					
1	187	0.951628	-0.003733	0					
1	188	0.95819	-0.003238	0					
1	189	0.964295	-0.002775	0					
1	190	0.969935	-0.002344	0					
1	191	0.975106	-0.001947	0					
1	192	0.979801	-0.001584	0					
1	193	0.984016	-0.001256	0					
1	194	0.987746	-0.000965	0					
1	195	0.990986	-0.000711	0					
1	196	0.993734	-0.000495	0					
1	197	0.995987	-0.000318	0					
1	198	0.997741	-0.000179	0					
1	199	0.998996	-0.00008	0					
1	200	0.999749	-0.00002	0					
1	0	1	0	0					
								1	0					
									
									
